1 YO2BCO 46 742 53 7 53 7
2 YO2BLX 58 3247 76 22 75 21
3 YO2CK 57 2838 72 22 66 19
4 YO2CLL 46 343 49 7 0 0
5 YO2CXJ 47 1744 53 16 56 16
6 YO2KQT 55 1280 65 10 70 9
7 YO2LCP 39 536 34 4 50 8
8 YO2LFN 45 764 46 6 61 8
9 YO2LJB 44 831 41 6 65 9
10 YO2LLZ 45 626 46 6 50 7
11 YO2MIT 48 878 59 8 58 7
12 YO2MKL 42 546 46 6 45 6
13 YO2MOO 37 609 35 11 28 8
14 YO2MTG 56 1300 67 10 70 9
15 YO2YA 54 1364 70 11 66 9
16 YO3GCL 61 3360 80 24 72 20
17 YO4AUL 30 640 32 10 32 10
18 YO4DW 52 0 0 0 0 0
19 YO4FPF 11 72 10 4 8 4
20 YO5YM 8 52 10 5 2 1
21 YO6KNE 61 3478 80 23 78 21
22 YO7BEM 18 0 0 0 0 0
23 YO7CKQ 55 2730 70 20 70 19
24 YO7LDT 53 2596 62 18 74 20
25 YO8BFB 37 1128 38 12 48 14
26 YO8CKR 18 288 32 9 0 0
27 YO9XC 24 912 0 0 57 16
28 YP1989TM 55 1181 59 9 65 10
29 YP2R 60 2844 72 23 66 18
30 YQ2A 58 3114 78 23 66 20
No log from:
YO4DX 1
YO8CSR 1
YT3D 1
YO2CJX 13
YO2LZZ 1
YO2MOZ 24
YO2YM 1
YO2LQN 4
Y07LDT 1
YO1989TM 1
YO5ODL 34
YO2LFM 1
YO8DRR 1
YO9BHI 45
YO8CKQ 1
YO3MKL 1
YP2RY 1
YO2CXG 1
YP2 1
YO2MFC 1
