1 YO2AA 73 3117 77 21 75 20
2 YO2BLX 69 2901 73 21 72 19
3 YO2BOF 72 2537 71 19 66 18
4 YO2CJX 68 2742 75 20 69 18
5 YO2LSP 45 2170 90 14 70 13
6 YO2MFC 60 3261 111 16 99 15
7 YO2MKL 26 690 54 10 30 5
8 YO2MOZ 24 690 0 0 46 15
9 YO2OS 38 508 34 10 28 6
10 YO3APJ 72 2971 71 21 74 20
11 YO3GCL 62 2232 60 18 64 18
12 YO3JW 69 2478 66 19 68 18
13 YO4KAK 54 1817 57 17 53 16
14 YO4SI 61 2175 57 17 67 18
15 YO5CHJ 40 1224 48 16 38 12
16 YO6BGT 73 3242 82 21 76 20
17 YO6PEG 59 2124 68 19 52 16
18 YO7AKY 62 2024 60 18 59 16
19 YO7MSJ 18 260 28 9 4 2
20 YO9IAB 60 2360 64 20 60 18
21 YP1989TM 71 4449 131 18 123 17
No log from:
YOMFC 1
YO9KPD 37
YO2DFA 37
YO7LYW 1
YO4HUG 1
YO2MOJ 1
YO1989TM 1
YO7BEM 38
YO4HUJ 34
YOLSP 1
YO4BXX 31
YO5DAS 33
YO2B0F 1
YO8CKR 33
YO20S 2
YO5MDA 1
YO9FL 12
YO9CLD 1
YO7LYM 30
YO7LDT 34
YO2KAR 36
YO9CLG 28
YO8BDW 10
YO2CPX 18
YO9XC 21
YO6BJG 38
YO4COI 1
YO4CAI 36
YO4BX 1
YO9FLD 39
YO4CXI 1
YO9KXR 6
